612436118
613642094
630303019
632633935
634442610
637166473
641692052
660121122
660838923
670711380
671108205
671793059
672126448
672235874
672647831
675081510
678909119
678917884
685559572
800500009
824814980
825750482
851817075
854794480
854840704
856100825
856192182
856193561
856565621
856565638
856599766
856599967
856620511
856620672
856620746
856620975
856636299
856830191
856830192
856830193
856920777
868359006
872323613
900730115
900900861
900905087
910203782
910317366
910606948
911170589
911170598
911172685
911172754
911177224
911453510
911969175
911969176
912222123
912254770
913700001
914187988
914566686
917220650
917914507
919432411
919432422
919433501
919462570
919462579
919462595
919898115
919898137
919898147
919898377
919908469
919908481
919976770
919977389
924291810
926400295
927952000
931203326
931203382
931351761
931354904
931354938
931710566
933961192
935959148
935959170
935959179
936461326
936461363
945661620
945661649
946930155
949870575
950500279
950500291
950500985
950501126
950501320
950501397
950501869
950502175
950502644
950502948
950503137
950503185
950680302
950681316
950699545
950699728
950831047
950831070
950937980
951552924
951555548
951555579
951555614
951555620
951555631
951555642
951555665
951555667
951556046
951556540
951556542
953139912
953139988
953170272
953170524
953170590
953170920
953171034
953171054
953171083
953171186
953171309
953171353
953742577
953826962
953826972
953891075
953898033
953941842
953981811
955446195
955446787
955800008
956003076
956920513
956926666
959870973
960133581
960396514
960396527
961195850
961824704
963959076
964890007
964890047
964890089
964890091
964890129
964890157
964890161
964890195
965000391
965274551
965275325
965275328
965275550
965275576
965275595
967771607
976993932
983570635
983571336
983571806
983571846
983571887
983571892
983571912
983571928
983572148
983572159
983572290
984800217
988140686
988292384
